source 24 169084
37 sink 197972
24 26 115852
26 30 25639
30 29 39624
29 34 8548
34 33 36692
33 35 36898
35 37 96148
source 25 75545
25 26 46262
29 33 34184
35 34 10189
34 37 41721
26 29 136532
29 30 199392
30 33 148794
33 34 157517
34 36 76724
36 37 103430
34 35 71566
24 27 41815
27 29 53095
24 29 9044
33 36 34949
36 34 7385
34 sink 18047
30 36 3566
37 33 18968
30 34 48540
36 sink 11279
37 34 13046
25 27 21694
35 sink 10205
27 30 10953
37 35 6554
25 29 5842
30 35 4419
33 sink 7722
36 33 2522
33 37 3775
24 30 2373
29 36 843
37 36 8534
35 33 4065
33 30 4364
source 27 539
25 30 1747
34 30 475
29 35 1170
source 26 57
